image: map_astar.pgm
resolution: 1.000000
origin: [-2048.500000, -2048.500000, 0.000000]
negate: 0
occupied_thresh: 0.65
free_thresh: 0.196

